
Exata para diretos:
3 0 1 -5
0 -3 10 -6
6 2 -2 0
-2 7 0 -3
-16 -1 -8 -4


Exata para iterativos:(Matriz diagonal dominante)
6 2 1 -2
2 8 -1 -1
1 -1 5 1 
-2 -1 1 6 
5 3 -4 -3

Exata apenas para eliminacao de gauss
20 2 5 4 3 6 7 1
3 22 7 2 0 9 0 4 
2.5 8 41 7 7 2 2 22
2 3 7 33 0 2 8 3 
2 3 8 1 35 5 2 3
8 7 3 13 11 59 4 3.4
4 1 5 2 3 6 40 7
1 3 8 9 3 7 1 23
14.25 17 42 20 39 33 11 3


18 2 3 4 3.5 2 1
1 23 3 2 0.8 4  6
3 4.5 27 4 3 5 4
2 3 7 40 1 14 8
1 4 9 10 55 12 3
1 5 3 8 7 49 9
1 3 7 8 5 13 40
1 2 3 4 9 0 7



